

.animation-target {
  -webkit-animation: animation 10000ms linear infinite both;
  animation: animation 10000ms linear infinite both;
}

/* Generated with Bounce.js. Edit at https://goo.gl/v6iZ7r */

@-webkit-keyframes animation { 
  0% { -webkit-transform: matrix3d(1, 0, 0, 0, 0, 1, 0, 0, 0, 0, 1, 0, 0, 0, 0, 1); transform: matrix3d(1, 0, 0, 0, 0, 1, 0, 0, 0, 0, 1, 0, 0, 0, 0, 1); }
  3.2% { -webkit-transform: matrix3d(-0.448, 0.894, 0, 0, -0.894, -0.448, 0, 0, 0, 0, 1, 0, 0, 0, 0, 1); transform: matrix3d(-0.448, 0.894, 0, 0, -0.894, -0.448, 0, 0, 0, 0, 1, 0, 0, 0, 0, 1); }
  6.31% { -webkit-transform: matrix3d(-0.971, -0.239, 0, 0, 0.239, -0.971, 0, 0, 0, 0, 1, 0, 0, 0, 0, 1); transform: matrix3d(-0.971, -0.239, 0, 0, 0.239, -0.971, 0, 0, 0, 0, 1, 0, 0, 0, 0, 1); }
  12.51% { -webkit-transform: matrix3d(0.226, -0.974, 0, 0, 0.974, 0.226, 0, 0, 0, 0, 1, 0, 0, 0, 0, 1); transform: matrix3d(0.226, -0.974, 0, 0, 0.974, 0.226, 0, 0, 0, 0, 1, 0, 0, 0, 0, 1); }
  18.82% { -webkit-transform: matrix3d(0.821, -0.571, 0, 0, 0.571, 0.821, 0, 0, 0, 0, 1, 0, 0, 0, 0, 1); transform: matrix3d(0.821, -0.571, 0, 0, 0.571, 0.821, 0, 0, 0, 0, 1, 0, 0, 0, 0, 1); }
  25.03% { -webkit-transform: matrix3d(0.962, -0.272, 0, 0, 0.272, 0.962, 0, 0, 0, 0, 1, 0, 0, 0, 0, 1); transform: matrix3d(0.962, -0.272, 0, 0, 0.272, 0.962, 0, 0, 0, 0, 1, 0, 0, 0, 0, 1); }
  37.54% { -webkit-transform: matrix3d(0.999, -0.054, 0, 0, 0.054, 0.999, 0, 0, 0, 0, 1, 0, 0, 0, 0, 1); transform: matrix3d(0.999, -0.054, 0, 0, 0.054, 0.999, 0, 0, 0, 0, 1, 0, 0, 0, 0, 1); }
  50.05% { -webkit-transform: matrix3d(1, -0.01, 0, 0, 0.01, 1, 0, 0, 0, 0, 1, 0, 0, 0, 0, 1); transform: matrix3d(1, -0.01, 0, 0, 0.01, 1, 0, 0, 0, 0, 1, 0, 0, 0, 0, 1); }
  100% { -webkit-transform: matrix3d(1, 0, 0, 0, 0, 1, 0, 0, 0, 0, 1, 0, 0, 0, 0, 1); transform: matrix3d(1, 0, 0, 0, 0, 1, 0, 0, 0, 0, 1, 0, 0, 0, 0, 1); } 
}

@keyframes animation { 
  0% { -webkit-transform: matrix3d(1, 0, 0, 0, 0, 1, 0, 0, 0, 0, 1, 0, 0, 0, 0, 1); transform: matrix3d(1, 0, 0, 0, 0, 1, 0, 0, 0, 0, 1, 0, 0, 0, 0, 1); }
  3.2% { -webkit-transform: matrix3d(-0.448, 0.894, 0, 0, -0.894, -0.448, 0, 0, 0, 0, 1, 0, 0, 0, 0, 1); transform: matrix3d(-0.448, 0.894, 0, 0, -0.894, -0.448, 0, 0, 0, 0, 1, 0, 0, 0, 0, 1); }
  6.31% { -webkit-transform: matrix3d(-0.971, -0.239, 0, 0, 0.239, -0.971, 0, 0, 0, 0, 1, 0, 0, 0, 0, 1); transform: matrix3d(-0.971, -0.239, 0, 0, 0.239, -0.971, 0, 0, 0, 0, 1, 0, 0, 0, 0, 1); }
  12.51% { -webkit-transform: matrix3d(0.226, -0.974, 0, 0, 0.974, 0.226, 0, 0, 0, 0, 1, 0, 0, 0, 0, 1); transform: matrix3d(0.226, -0.974, 0, 0, 0.974, 0.226, 0, 0, 0, 0, 1, 0, 0, 0, 0, 1); }
  18.82% { -webkit-transform: matrix3d(0.821, -0.571, 0, 0, 0.571, 0.821, 0, 0, 0, 0, 1, 0, 0, 0, 0, 1); transform: matrix3d(0.821, -0.571, 0, 0, 0.571, 0.821, 0, 0, 0, 0, 1, 0, 0, 0, 0, 1); }
  25.03% { -webkit-transform: matrix3d(0.962, -0.272, 0, 0, 0.272, 0.962, 0, 0, 0, 0, 1, 0, 0, 0, 0, 1); transform: matrix3d(0.962, -0.272, 0, 0, 0.272, 0.962, 0, 0, 0, 0, 1, 0, 0, 0, 0, 1); }
  37.54% { -webkit-transform: matrix3d(0.999, -0.054, 0, 0, 0.054, 0.999, 0, 0, 0, 0, 1, 0, 0, 0, 0, 1); transform: matrix3d(0.999, -0.054, 0, 0, 0.054, 0.999, 0, 0, 0, 0, 1, 0, 0, 0, 0, 1); }
  50.05% { -webkit-transform: matrix3d(1, -0.01, 0, 0, 0.01, 1, 0, 0, 0, 0, 1, 0, 0, 0, 0, 1); transform: matrix3d(1, -0.01, 0, 0, 0.01, 1, 0, 0, 0, 0, 1, 0, 0, 0, 0, 1); }
  100% { -webkit-transform: matrix3d(1, 0, 0, 0, 0, 1, 0, 0, 0, 0, 1, 0, 0, 0, 0, 1); transform: matrix3d(1, 0, 0, 0, 0, 1, 0, 0, 0, 0, 1, 0, 0, 0, 0, 1); } 
}


